Track: ./tracks/track_01.txt
Best Moves: 8 moves
Average Moves: 8.38 moves
Deviation Moves: 0.49 moves

Best Runtime: 0.39 ms
Average Runtime: 1.30 ms
Deviation Runtime: 1.75 ms

Best trip: [[5,1],[6,2],[8,4],[11,6],[15,7],[18,7],[20,6],[21,4],[22,2]]



Track: ./tracks/track_02.txt
Best Moves: 13 moves
Average Moves: 13.00 moves
Deviation Moves: 0.00 moves

Best Runtime: 9.60 ms
Average Runtime: 13.50 ms
Deviation Runtime: 3.99 ms

Best trip: [[18,9],[17,8],[16,7],[14,6],[11,6],[9,7],[8,9],[8,12],[9,14],[11,15],[14,15],[17,14],[19,12],[21,11]]



Track: ./tracks/track_03.txt
Best Moves: 42 moves
Average Moves: 42.04 moves
Deviation Moves: 0.20 moves

Best Runtime: 2739.48 ms
Average Runtime: 2832.86 ms
Deviation Runtime: 54.58 ms

Best trip: [[3,9],[4,10],[6,12],[9,14],[13,16],[18,17],[24,17],[31,17],[39,18],[46,18],[52,18],[57,18],[61,18],[64,18],[66,19],[67,21],[67,22],[66,23],[64,23],[61,22],[57,22],[52,21],[46,21],[39,22],[33,24],[28,26],[23,29],[19,33],[16,37],[14,40],[13,44],[13,47],[14,50],[16,52],[19,53],[23,53],[28,52],[34,52],[41,51],[49,50],[57,49],[65,47],[72,45]]



Track: ./tracks/track_04.txt
Best Moves: 49 moves
Average Moves: 49.94 moves
Deviation Moves: 0.95 moves

Best Runtime: 3463.18 ms
Average Runtime: 5288.86 ms
Deviation Runtime: 3137.96 ms

Best trip: [[3,9],[4,10],[6,12],[9,14],[13,16],[16,17],[18,17],[19,16],[21,14],[23,12],[26,9],[30,7],[35,6],[41,6],[48,7],[54,9],[59,12],[63,16],[66,21],[68,25],[69,28],[69,30],[68,31],[66,31],[63,30],[59,29],[54,27],[48,25],[41,24],[35,24],[30,25],[25,27],[21,30],[18,34],[16,37],[15,39],[15,40],[16,40],[18,40],[21,40],[25,41],[30,41],[34,41],[37,41],[39,41],[42,40],[46,40],[51,40],[57,40],[63,41]]



Track: ./tracks/track_05.txt
Best Moves: 98 moves
Average Moves: 102.36 moves
Deviation Moves: 1.53 moves

Best Runtime: 15506.25 ms
Average Runtime: 15763.11 ms
Deviation Runtime: 205.94 ms

Best trip: [[77,56],[76,55],[74,55],[71,55],[67,55],[63,55],[58,55],[52,56],[45,57],[37,57],[29,57],[22,57],[16,57],[11,56],[7,54],[4,51],[2,47],[1,42],[1,36],[1,29],[1,22],[2,16],[4,11],[7,7],[10,4],[14,2],[19,1],[25,1],[32,2],[39,3],[45,4],[50,4],[54,4],[58,5],[61,6],[63,7],[64,7],[64,7],[63,8],[61,10],[59,13],[56,17],[52,22],[49,26],[47,30],[46,35],[46,40],[47,44],[48,47],[50,49],[51,50],[52,50],[53,49],[53,47],[53,44],[53,40],[54,37],[56,35],[59,34],[63,34],[67,35],[70,37],[72,40],[75,43],[77,46],[80,48],[83,49],[85,49],[86,48],[86,46],[86,44],[85,42],[83,40],[80,37],[78,33],[76,28],[75,23],[75,19],[75,16],[76,14],[78,13],[81,13],[85,14],[89,16],[92,19],[94,23],[95,28],[95,33],[95,37],[96,41],[98,45],[99,49],[99,52],[98,54],[96,55],[93,55],[89,55],[84,55],[79,56]]



Track: ./tracks/track_06.txt
Best Moves: 96 moves
Average Moves: 98.40 moves
Deviation Moves: 0.98 moves

Best Runtime: 5773.62 ms
Average Runtime: 12195.66 ms
Deviation Runtime: 2476.25 ms

Best trip: [[79,56],[80,57],[82,57],[85,56],[89,55],[93,55],[96,54],[98,52],[99,49],[99,46],[98,43],[96,40],[95,36],[95,31],[95,27],[94,23],[92,20],[90,18],[88,17],[85,17],[81,16],[78,16],[75,17],[73,19],[72,22],[72,25],[73,27],[75,30],[77,34],[80,37],[83,39],[85,42],[86,44],[86,46],[86,48],[85,49],[83,49],[80,48],[77,46],[75,43],[72,40],[69,37],[66,35],[62,34],[59,34],[56,35],[54,37],[53,40],[53,43],[53,46],[53,48],[52,49],[50,49],[48,48],[47,46],[47,43],[46,39],[46,34],[47,28],[49,23],[51,18],[53,13],[54,9],[54,6],[53,4],[51,3],[48,2],[44,2],[39,2],[33,1],[27,1],[21,1],[16,2],[12,3],[9,5],[7,8],[6,12],[6,17],[7,23],[9,30],[10,36],[10,42],[10,47],[10,51],[10,54],[11,56],[13,57],[16,57],[20,56],[25,56],[31,56],[38,56],[46,56],[55,56],[63,56],[70,56],[77,56]]



Track: ./tracks/track_07.txt
Best Moves: 34 moves
Average Moves: 34.84 moves
Deviation Moves: 0.37 moves

Best Runtime: 5354.84 ms
Average Runtime: 5885.73 ms
Deviation Runtime: 219.01 ms

Best trip: [[1,21],[2,20],[4,20],[7,20],[11,20],[16,20],[22,20],[29,21],[37,22],[46,24],[54,27],[63,29],[71,30],[78,31],[84,32],[89,34],[93,35],[96,36],[98,36],[99,35],[100,33],[100,30],[99,26],[97,22],[94,19],[90,17],[85,16],[79,16],[74,17],[70,18],[67,19],[64,19],[62,19],[61,19],[61,20]]



Track: ./tracks/track_08.txt
Best Moves: 36 moves
Average Moves: 42.74 moves
Deviation Moves: 3.33 moves

Best Runtime: 5116.27 ms
Average Runtime: 5590.02 ms
Deviation Runtime: 175.64 ms

Best trip: [[1,36],[2,35],[4,33],[7,30],[11,28],[16,27],[22,27],[29,27],[35,27],[40,26],[46,26],[53,27],[61,29],[68,30],[74,30],[80,31],[85,33],[90,34],[94,34],[97,34],[99,34],[100,33],[100,31],[100,28],[99,24],[97,21],[94,19],[90,18],[85,18],[79,19],[74,19],[70,19],[67,19],[64,19],[62,19],[61,19],[61,20]]



Track: ./tracks/track_09.txt
Best Moves: 38 moves
Average Moves: 38.90 moves
Deviation Moves: 0.36 moves

Best Runtime: 5165.70 ms
Average Runtime: 5581.71 ms
Deviation Runtime: 187.38 ms

Best trip: [[1,1],[2,2],[4,4],[7,7],[10,11],[14,16],[19,20],[23,23],[27,27],[32,30],[37,33],[41,35],[45,36],[50,36],[56,35],[63,33],[69,32],[76,32],[82,33],[87,34],[91,35],[95,35],[98,35],[100,34],[101,32],[101,29],[100,25],[98,22],[95,20],[91,19],[86,19],[80,19],[75,19],[71,19],[67,19],[64,19],[62,19],[61,19],[61,20]]



Track: ./tracks/track_10.txt
Best Moves: 33 moves
Average Moves: 33.72 moves
Deviation Moves: 0.45 moves

Best Runtime: 3929.02 ms
Average Runtime: 4207.89 ms
Deviation Runtime: 150.40 ms

Best trip: [[59,20],[58,19],[58,17],[59,16],[61,14],[64,12],[67,9],[71,6],[75,4],[80,2],[85,1],[89,1],[92,1],[94,2],[95,4],[95,7],[94,11],[93,15],[91,18],[90,20],[90,21],[90,21],[90,20],[89,19],[87,19],[84,19],[80,19],[75,19],[71,19],[67,19],[64,19],[62,19],[61,19],[61,20]]